np.float64(0.12360784130530575), np.float64(0.1236078423369841), np.float64(0.12360784336869757), np.float64(0.12360784440044605), np.float64(0.12360784543222962), np.float64(0.13474433031724473), np.float64(0.12360822589717303), np.float64(0.12360822694191925)
np.float64(0.12360784130530575), np.float64(0.1236078423369841), np.float64(0.12360784336869757), np.float64(0.12360784440044605), np.float64(0.12360784543222962), np.float64(0.13474433031724473), np.float64(0.12360822589717303), np.float64(0.12360822694191925)
np.float64(0.1195224095059543), np.float64(0.11952241355501064), np.float64(0.11952241760420457), np.float64(0.11952242165353606), np.float64(0.11952242570300517), np.float64(0.13024273518268978), np.float64(0.15262125003433458), np.float64(0.11952392676126494)
np.float64(0.11557798431957728), np.float64(0.11557799127265245), np.float64(0.11557799822596386), np.float64(0.11557800517951153), np.float64(0.1155780121332955), np.float64(0.1258965373238329), np.float64(0.1696741106998537), np.float64(0.1265393608453128)
np.float64(0.11300753943225325), np.float64(0.1130075482587094), np.float64(0.1130075570854654), np.float64(0.11300756591252129), np.float64(0.11300757473987717), np.float64(0.12306432699402992), np.float64(0.18820627735357018), np.float64(0.12369161022357342)
np.float64(0.1105493976125741), np.float64(0.110549408269777), np.float64(0.11054941892734198), np.float64(0.12161145140596719), np.float64(0.11054981611471955), np.float64(0.12035611731353571), np.float64(0.18387577615434014), np.float64(0.13195861420174432)
np.float64(0.10812609287666333), np.float64(0.10812610531584395), np.float64(0.10812611775544721), np.float64(0.11890970722358302), np.float64(0.10812650904594028), np.float64(0.12879088270990433), np.float64(0.19079740018695845), np.float64(0.12899718488565948)
np.float64(0.10575747099654341), np.float64(0.10575748517169009), np.float64(0.10575749934731837), np.float64(0.11626894817889304), np.float64(0.10575788486304266), np.float64(0.13691277183832726), np.float64(0.19768532106715256), np.float64(0.1261026185370325)
np.float64(0.10011189569764777), np.float64(0.10011191402655643), np.float64(0.10011193235608787), np.float64(0.10997468467993361), np.float64(0.10011230413815156), np.float64(0.14037241329310904), np.float64(0.19770949525186965), np.float64(0.15149536055664417)
np.float64(0.09687133867634125), np.float64(0.09687135936860683), np.float64(0.09687138006157547), np.float64(0.10636185011615333), np.float64(0.09687174392107263), np.float64(0.13561217406761183), np.float64(0.20199682790122458), np.float64(0.16854332588741402)
np.float64(0.09274164489780957), np.float64(0.092741668603481), np.float64(0.09274169230995791), np.float64(0.10175772883995472), np.float64(0.092742046076126), np.float64(0.1405744634577334), np.float64(0.20396762780309619), np.float64(0.18273312801184127)
np.float64(0.08977741590070129), np.float64(0.08977744176636013), np.float64(0.08977746763289786), np.float64(0.0984529731554036), np.float64(0.08977781414859379), np.float64(0.14699594008639563), np.float64(0.20802710989440776), np.float64(0.18741383741523998)
np.float64(0.08692155724911042), np.float64(0.08692158519178658), np.float64(0.08692161313541222), np.float64(0.09526905049328234), np.float64(0.0869219526581535), np.float64(0.15305569790848442), np.float64(0.21179151256502513), np.float64(0.19219703079874537)
np.float64(0.08327186673270326), np.float64(0.08327189731950006), np.float64(0.08327192790733617), np.float64(0.09120013914993283), np.float64(0.08327225847399394), np.float64(0.1573163604335468), np.float64(0.22407687969445697), np.float64(0.19431867028852995)
np.float64(0.07978786452071668), np.float64(0.07978789761052447), np.float64(0.07978793070145664), np.float64(0.08731601754380015), np.float64(0.07978825267884054), np.float64(0.15009543106899226), np.float64(0.24686505772342673), np.float64(0.1965715481522426)
np.float64(0.07815013046502207), np.float64(0.07815016477810069), np.float64(0.07815019909234523), np.float64(0.0963394034862236), np.float64(0.07815088576546345), np.float64(0.1466999959119294), np.float64(0.2523448808842309), np.float64(0.1920143396166847)
np.float64(0.07415689777107323), np.float64(0.0741569349663533), np.float64(0.07415697216289721), np.float64(0.09120956332900443), np.float64(0.0741576259803715), np.float64(0.14921814814789996), np.float64(0.25977442523858446), np.float64(0.2031694324038159)
np.float64(0.07186894251519554), np.float64(0.07186898134452976), np.float64(0.07186902017518339), np.float64(0.088270521625717), np.float64(0.07186965513792136), np.float64(0.14406426028846758), np.float64(0.2731532964669195), np.float64(0.20703532244606582)
np.float64(0.06826679673404683), np.float64(0.06826683816257939), np.float64(0.06826687959251966), np.float64(0.08364309075248927), np.float64(0.06826748491615803), np.float64(0.14700376626007658), np.float64(0.2684191651406697), np.float64(0.2278659784414606)
np.float64(0.06557037456156832), np.float64(0.06557041796911127), np.float64(0.06557046137812915), np.float64(0.09070917405008454), np.float64(0.06557140237543801), np.float64(0.1403762077343832), np.float64(0.2670339667904357), np.float64(0.23959799514084976)
np.float64(0.06299704980545905), np.float64(0.06299709508363863), np.float64(0.06299714036335666), np.float64(0.0868752240382589), np.float64(0.06299804226788178), np.float64(0.15605775021136165), np.float64(0.2543586031060783), np.float64(0.2507190951239652)
np.float64(0.05994810026807215), np.float64(0.05994814774039489), np.float64(0.059948195214330625), np.float64(0.08233296314486029), np.float64(0.05994905076677714), np.float64(0.16873537684453177), np.float64(0.2507723812808395), np.float64(0.25836578474019367)
np.float64(0.05706976772500515), np.float64(0.05706981723363448), np.float64(0.05706986674394601), np.float64(0.07804537855838475), np.float64(0.05707067848484136), np.float64(0.15900822998354186), np.float64(0.2808008042761299), np.float64(0.25386545699451646)
np.float64(0.05490703870288835), np.float64(0.05490708975824818), np.float64(0.054907140815342766), np.float64(0.07482352658774492), np.float64(0.054907919662370894), np.float64(0.16280943974289125), np.float64(0.278802729723234), np.float64(0.26393511500727973)
np.float64(0.05438051355882853), np.float64(0.054380564984708196), np.float64(0.05438061641233519), np.float64(0.07403923888100596), np.float64(0.05438138724203703), np.float64(0.16088641182609406), np.float64(0.2868475895810843), np.float64(0.26070367751390666)
np.float64(0.052375409401445874), np.float64(0.05237546230358864), np.float64(0.052375515207528894), np.float64(0.08132938818962684), np.float64(0.05237660482883959), np.float64(0.15355852857142285), np.float64(0.30722098568892053), np.float64(0.24838810580862675)
np.float64(0.05095199107646766), np.float64(0.050952045057391364), np.float64(0.05095209904014922), np.float64(0.08946314362162902), np.float64(0.050953515557742024), np.float64(0.15932432669421603), np.float64(0.30776212619557697), np.float64(0.23964075275682778)
np.float64(0.04909588814574583), np.float64(0.049095943444202185), np.float64(0.04909599874453747), np.float64(0.08566024102290413), np.float64(0.049097351747908094), np.float64(0.1629639339223111), np.float64(0.31532856705453133), np.float64(0.23966207591785993)
np.float64(0.04692075233386703), np.float64(0.04692080920794717), np.float64(0.046920866083959796), np.float64(0.09187184619105214), np.float64(0.04692250720775519), np.float64(0.15368139833857253), np.float64(0.3301767476683715), np.float64(0.23658507296847472)
np.float64(0.045303648645833396), np.float64(0.04530370675130324), np.float64(0.045303764858747396), np.float64(0.10962558760726056), np.float64(0.04530606663810897), np.float64(0.14677509924403104), np.float64(0.314525174971546), np.float64(0.2478569512831695)
np.float64(0.042612642470317194), np.float64(0.042612702488826544), np.float64(0.04261276250937523), np.float64(0.10136256385644404), np.float64(0.04261487878601928), np.float64(0.15676069792637812), np.float64(0.3110495154376017), np.float64(0.2603742365250379)
np.float64(0.04018060630135473), np.float64(0.040180668121989185), np.float64(0.04018072994472419), np.float64(0.11520583688221096), np.float64(0.04018340283670638), np.float64(0.1663463330335946), np.float64(0.30785452727183005), np.float64(0.24986789560758982)
np.float64(0.03887455607932896), np.float64(0.03887461883442525), np.float64(0.038874681591653845), np.float64(0.12118098163601239), np.float64(0.0388776037568731), np.float64(0.15868729358559222), np.float64(0.3154807386443772), np.float64(0.24914952587173705)
np.float64(0.037026553595594716), np.float64(0.03702661763637358), np.float64(0.03702668167932843), np.float64(0.11316090394467629), np.float64(0.0370293966980017), np.float64(0.158678653879275), np.float64(0.3262270839614039), np.float64(0.2538241086053464)
np.float64(0.0356078125530566), np.float64(0.03560787763110034), np.float64(0.03560794271135534), np.float64(0.12860982198272577), np.float64(0.03561123294276847), np.float64(0.1496816130351894), np.float64(0.32922733469834514), np.float64(0.25004636444545897)
np.float64(0.03479426569571397), np.float64(0.034794331350119105), np.float64(0.03479439700675509), np.float64(0.13512148023205095), np.float64(0.03479793729057931), np.float64(0.14452520898619098), np.float64(0.340102919747269), np.float64(0.24106945969132174)
np.float64(0.03402471795723617), np.float64(0.03402478420477378), np.float64(0.03402485045456238), np.float64(0.14149013078236602), np.float64(0.03402863447012555), np.float64(0.16195955839709728), np.float64(0.3278831390380382), np.float64(0.2325641846958006)
np.float64(0.03327678556340203), np.float64(0.033276852359860686), np.float64(0.03327691915858899), np.float64(0.1589739917898938), np.float64(0.03328132376144036), np.float64(0.156372053382416), np.float64(0.32723629484844663), np.float64(0.22430577913595157)
np.float64(0.03231137441124157), np.float64(0.03231144186837091), np.float64(0.032311509327792344), np.float64(0.16274813766618168), np.float64(0.032316076295176764), np.float64(0.14916813524108405), np.float64(0.34517342972320264), np.float64(0.21365989546695013)
np.float64(0.03139719630748483), np.float64(0.03139726439990196), np.float64(0.03139733249463275), np.float64(0.16636079853790733), np.float64(0.031402054547937513), np.float64(0.14234471627474382), np.float64(0.3507488437173564), np.float64(0.2149517937200353)
np.float64(0.030743557555601583), np.float64(0.030743626108423884), np.float64(0.03074369466357551), np.float64(0.17156507658685274), np.float64(0.030748616681081822), np.float64(0.1374648993932157), np.float64(0.34930164634420446), np.float64(0.21868888266704445)
np.float64(0.029905577540384896), np.float64(0.029905646661118782), np.float64(0.02990571578420127), np.float64(0.16358265473104008), np.float64(0.02991039617998895), np.float64(0.13121252765991478), np.float64(0.35489969492441875), np.float64(0.23067778651893261)
np.float64(0.028733547755745034), np.float64(0.028733617698915123), np.float64(0.028733687644461763), np.float64(0.15241122364142207), np.float64(0.028738029920291966), np.float64(0.13345671669054351), np.float64(0.35173190981279945), np.float64(0.2474612668358211)
np.float64(0.027999873494310174), np.float64(0.027999943945156053), np.float64(0.028000014398395733), np.float64(0.15664920632392554), np.float64(0.02800452661917111), np.float64(0.1274247513709287), np.float64(0.3572606498173628), np.float64(0.24666103403074996)
np.float64(0.026971623425961155), np.float64(0.02697169460456939), np.float64(0.026971765785596145), np.float64(0.16754486982407507), np.float64(0.026976684618915392), np.float64(0.11896768946250232), np.float64(0.3428520120921562), np.float64(0.26274366018622436)
np.float64(0.026324860366855274), np.float64(0.02632493197931888), np.float64(0.02632500359421575), np.float64(0.1707603903213444), np.float64(0.026330054529965327), np.float64(0.11365310397235671), np.float64(0.360147135861469), np.float64(0.25013451937447456)
np.float64(0.025418280784928506), np.float64(0.025418353020697074), np.float64(0.02541842525892009), np.float64(0.1701587888552229), np.float64(0.02542348780402784), np.float64(0.10620022077090983), np.float64(0.3457302745417088), np.float64(0.2762321689635849)
np.float64(0.024581985607315924), np.float64(0.024582058432733127), np.float64(0.02458213126062482), np.float64(0.15849634893676587), np.float64(0.024586827128663398), np.float64(0.11003711654515387), np.float64(0.3432400636606893), np.float64(0.28989346842805364)
np.float64(0.024058072605054125), np.float64(0.024058145790229857), np.float64(0.024058218977892298), np.float64(0.162164926045651), np.float64(0.024063058020093432), np.float64(0.10518791283719227), np.float64(0.33766508499693926), np.float64(0.29874458072694776)
np.float64(0.02332209548252566), np.float64(0.02332216917717706), np.float64(0.02332224287433249), np.float64(0.17292443236551858), np.float64(0.02332747353506649), np.float64(0.09837511285443166), np.float64(0.3360149247633779), np.float64(0.29939154894757014)
np.float64(0.023089632979690314), np.float64(0.02308970683809223), np.float64(0.023089780699003727), np.float64(0.18002381369649417), np.float64(0.023095260812473158), np.float64(0.09622270358387422), np.float64(0.3392928525870852), np.float64(0.29209624880328705)
np.float64(0.022642253192647836), np.float64(0.022642327365161412), np.float64(0.022642401540195242), np.float64(0.1937292800340858), np.float64(0.02264836317471485), np.float64(0.09208058596281034), np.float64(0.33408638107939054), np.float64(0.289528407650994)
np.float64(0.022112054743416883), np.float64(0.022112129268013495), np.float64(0.022112203795142324), np.float64(0.19375395691084438), np.float64(0.022118184987695876), np.float64(0.08717593636574048), np.float64(0.3251466762356017), np.float64(0.3054688576935449)
np.float64(0.02143699140161061), np.float64(0.02143706646915435), np.float64(0.021437141539248757), np.float64(0.189098482548902), np.float64(0.02144298856924664), np.float64(0.10173161347217105), np.float64(0.33150270561155354), np.float64(0.29191301038811307)
np.float64(0.020980259329561962), np.float64(0.02098033467259633), np.float64(0.02098041001819073), np.float64(0.17803571937783752), np.float64(0.020985897221918494), np.float64(0.09619557397456625), np.float64(0.35602580223184954), np.float64(0.28581600317347916)
np.float64(0.02048190658219138), np.float64(0.020481982334212934), np.float64(0.020482058088808416), np.float64(0.17691013399314112), np.float64(0.02048752479809984), np.float64(0.11149292411871939), np.float64(0.36398055695949627), np.float64(0.2656829131253306)
np.float64(0.020241097937705378), np.float64(0.020241173831545146), np.float64(0.020241249727963668), np.float64(0.17065613585861195), np.float64(0.02024651240160464), np.float64(0.10775361045150196), np.float64(0.37329922719746716), np.float64(0.2673209925936001)
np.float64(0.019790104012908368), np.float64(0.019790180204309588), np.float64(0.019790256398299667), np.float64(0.1806649628991896), np.float64(0.0197958750763495), np.float64(0.10073781422436577), np.float64(0.3798006950202669), np.float64(0.25963011216431064)
np.float64(0.019436942288764105), np.float64(0.01943701867844138), np.float64(0.019437095070714255), np.float64(0.17012289499587774), np.float64(0.019442367941348203), np.float64(0.09525789864191278), np.float64(0.4016308009535925), np.float64(0.2552349814293491)
np.float64(0.019236084013167138), np.float64(0.019236160517815612), np.float64(0.019236237025063593), np.float64(0.164125326987043), np.float64(0.019241313162013593), np.float64(0.09214030883589384), np.float64(0.40967186700503333), np.float64(0.2571127024539699)
np.float64(0.019045111642130057), np.float64(0.01904518828037622), np.float64(0.01904526492122643), np.float64(0.1695345710452021), np.float64(0.019050531612462823), np.float64(0.08916633313330725), np.float64(0.40583234330406104), np.float64(0.2592806560612342)
np.float64(0.01879980791694496), np.float64(0.01879988470366996), np.float64(0.018799961493004055), np.float64(0.17263701550483973), np.float64(0.018805342232746422), np.float64(0.08535585442579818), np.float64(0.41998087344712026), np.float64(0.24682126027587653)
np.float64(0.01856747378921985), np.float64(0.01856755072255127), np.float64(0.018567627658496767), np.float64(0.16459314493530783), np.float64(0.018572743266992417), np.float64(0.08174395636419271), np.float64(0.4107798114437519), np.float64(0.2686076918194873)
np.float64(0.018456537134726326), np.float64(0.01845661414742912), np.float64(0.018456691162748683), np.float64(0.17188050929255222), np.float64(0.018462058313332492), np.float64(0.0800157609132127), np.float64(0.4121766224081466), np.float64(0.26209520662785185)
np.float64(0.01818848192764843), np.float64(0.018188559094376), np.float64(0.018188636263725577), np.float64(0.172910841814127), np.float64(0.018194047839666518), np.float64(0.07585524361450513), np.float64(0.43205223693694567), np.float64(0.24642195250900567)
np.float64(0.01793719021640435), np.float64(0.01793726752525764), np.float64(0.01793734483673776), np.float64(0.1740135985904029), np.float64(0.01794280270550728), np.float64(0.07195587182103365), np.float64(0.4505432900351717), np.float64(0.23173263426948468)
np.float64(0.017663060947082553), np.float64(0.017663138500004887), np.float64(0.017663216055562352), np.float64(0.17273516207512746), np.float64(0.017668640287609845), np.float64(0.07800612403480052), np.float64(0.45206193518178067), np.float64(0.2265387229180318)
np.float64(0.017404574511438776), np.float64(0.01740465222495215), np.float64(0.017404729941106107), np.float64(0.17154475823429174), np.float64(0.017410122829169733), np.float64(0.07321152010872961), np.float64(0.4526737650639382), np.float64(0.2329458770863736)
np.float64(0.01724513364018182), np.float64(0.01724521148252211), np.float64(0.01724528932750737), np.float64(0.19686204300768023), np.float64(0.01725154813473819), np.float64(0.07023987515695149), np.float64(0.441988840384163), np.float64(0.22192205886625593)
np.float64(0.01705410019640317), np.float64(0.017054178146270572), np.float64(0.01705425609878659), np.float64(0.19638214301504286), np.float64(0.017060505305820303), np.float64(0.06670211316086806), np.float64(0.4490665986657134), np.float64(0.21962610541109517)
np.float64(0.016875170295889676), np.float64(0.016875248347391174), np.float64(0.01687532640154474), np.float64(0.19593448193298027), np.float64(0.016881566680764962), np.float64(0.06338803114396141), np.float64(0.45527790859897715), np.float64(0.21789226659849065)
np.float64(0.016674586456009974), np.float64(0.016674664609565886), np.float64(0.016674742765777333), np.float64(0.1822253391155198), np.float64(0.016680524248233353), np.float64(0.05967845807251248), np.float64(0.46652173448976614), np.float64(0.2248699502426149)
np.float64(0.016519657721144203), np.float64(0.01651973596405909), np.float64(0.016519814209632555), np.float64(0.18278176196919485), np.float64(0.01652562004148881), np.float64(0.056808261342417156), np.float64(0.47165058183915737), np.float64(0.22267456691290588)
np.float64(0.01634513082251482), np.float64(0.016345209139326407), np.float64(0.016345287458799075), np.float64(0.18064762848984478), np.float64(0.01635102685391675), np.float64(0.05358847215815237), np.float64(0.4934593498196824), np.float64(0.20691789525776333)
np.float64(0.0162122125563979), np.float64(0.01621229097386524), np.float64(0.016212369393997086), np.float64(0.1926790727833945), np.float64(0.016218522317504376), np.float64(0.051114263834001056), np.float64(0.48574832156652603), np.float64(0.20560294657431383)
np.float64(0.0160842563559921), np.float64(0.01608433480497135), np.float64(0.01608441325661618), np.float64(0.18131895539277826), np.float64(0.01609018459090372), np.float64(0.04876480519878958), np.float64(0.5121508931734694), np.float64(0.19342215722647924)
np.float64(0.01591955946947323), np.float64(0.015919637975848812), np.float64(0.01591971648489192), np.float64(0.1666537699407753), np.float64(0.015924995228793863), np.float64(0.04573219453493151), np.float64(0.535471780465623), np.float64(0.18845834589966226)
np.float64(0.01581970337788646), np.float64(0.015819782095749975), np.float64(0.015819860816288202), np.float64(0.17931781802790675), np.float64(0.01582557368179026), np.float64(0.05323053232096276), np.float64(0.5263885549401655), np.float64(0.1777781747392502)
np.float64(0.01573787539104544), np.float64(0.01573795414113311), np.float64(0.015738032893896584), np.float64(0.17089992632064369), np.float64(0.015743462576717486), np.float64(0.051241304966925715), np.float64(0.5341587608135647), np.float64(0.18074268289607323)
np.float64(0.015697905465648875), np.float64(0.01569798421808596), np.float64(0.015698062973198933), np.float64(0.16682778756584493), np.float64(0.015703355653578104), np.float64(0.050278722522287385), np.float64(0.5436806289713463), np.float64(0.17641555263000963)
np.float64(0.015645992396841064), np.float64(0.015646071279203394), np.float64(0.015646150164246028), np.float64(0.16116285114864232), np.float64(0.01565125238224238), np.float64(0.058796861257236016), np.float64(0.5470551693248736), np.float64(0.17039565204671514)
np.float64(0.015580555526251528), np.float64(0.015580634592278686), np.float64(0.015580713660992389), np.float64(0.16522141453054187), np.float64(0.015585956373767716), np.float64(0.0668365330395106), np.float64(0.5209371610743931), np.float64(0.1846770312022642)
np.float64(0.015509757682521698), np.float64(0.015509836737692115), np.float64(0.015509915795548706), np.float64(0.15747560643638472), np.float64(0.015514897701098603), np.float64(0.06413685595050693), np.float64(0.5404082168301741), np.float64(0.17593491286607305)
np.float64(0.015427382938242692), np.float64(0.015427462003438128), np.float64(0.015427541071320078), np.float64(0.1483905854623117), np.float64(0.01543221710030001), np.float64(0.060970854167323583), np.float64(0.5523723508184001), np.float64(0.17655160643866383)
np.float64(0.015366506075137282), np.float64(0.015366585176154853), np.float64(0.015366664279860158), np.float64(0.14158547943652192), np.float64(0.015371111221542052), np.float64(0.05859991358970578), np.float64(0.5476783036099712), np.float64(0.19066543661110683)
np.float64(0.015293046102781328), np.float64(0.01529312520694656), np.float64(0.015293204313799633), np.float64(0.13350222328784703), np.float64(0.015297379100734615), np.float64(0.055782902039137654), np.float64(0.5593043152219614), np.float64(0.19023380472679188)
np.float64(0.01521631499887671), np.float64(0.015216394230936344), np.float64(0.015216473465688163), np.float64(0.13580141855551836), np.float64(0.015220729238889159), np.float64(0.06246392335941813), np.float64(0.5636781890335772), np.float64(0.17718655711709577)
np.float64(0.015167654703939094), np.float64(0.015167733999612609), np.float64(0.015167813297980474), np.float64(0.14085532576666326), np.float64(0.015172242576120187), np.float64(0.06003999703127036), np.float64(0.5473574692139761), np.float64(0.19107176341043797)
np.float64(0.015143407760355412), np.float64(0.015143487066184343), np.float64(0.015143566374707967), np.float64(0.13759879635788652), np.float64(0.015147885844975582), np.float64(0.058861785884671815), np.float64(0.5450939454519707), np.float64(0.19786712525924768)
np.float64(0.015085660479411235), np.float64(0.01508573981409748), np.float64(0.0150858191514794), np.float64(0.1409911762321415), np.float64(0.015090255909688002), np.float64(0.05604963813989795), np.float64(0.5451106942405083), np.float64(0.19750101603277626)
np.float64(0.015042368028222041), np.float64(0.015042447391046794), np.float64(0.015042526756568177), np.float64(0.14534815278110927), np.float64(0.015047113085696498), np.float64(0.05393246721931492), np.float64(0.5412620330975472), np.float64(0.19928289164049523)
np.float64(0.015003715223131896), np.float64(0.015003794674219778), np.float64(0.01500387412800729), np.float64(0.13881150236136353), np.float64(0.0150082398413074), np.float64(0.0618002860030721), np.float64(0.5493104142028913), np.float64(0.19005817356600677)
np.float64(0.014955583030971938), np.float64(0.014955662522558835), np.float64(0.01495574201684674), np.float64(0.14216517377496338), np.float64(0.014960223399409205), np.float64(0.05881573945726889), np.float64(0.5380456421181131), np.float64(0.2011462336798679)
np.float64(0.014909992989524277), np.float64(0.014910072506666205), np.float64(0.01491015202651001), np.float64(0.15639498101065194), np.float64(0.01491511851709693), np.float64(0.056011636535659416), np.float64(0.538558950439781), np.float64(0.18938909597411022)
np.float64(0.014884486403839955), np.float64(0.014884565947563847), np.float64(0.014884645493990519), np.float64(0.1622297028396157), np.float64(0.014889811159648297), np.float64(0.05442120859532078), np.float64(0.5298907049169201), np.float64(0.19391487464310073)
np.float64(0.014857975507742455), np.float64(0.014858055024352198), np.float64(0.0148581345436638), np.float64(0.15649733654226722), np.float64(0.014863106278553277), np.float64(0.05286367458245731), np.float64(0.5442450219783921), np.float64(0.18695669554257155)
np.float64(0.014825844243812288), np.float64(0.014825923769679606), np.float64(0.014826003298249098), np.float64(0.14927461995883667), np.float64(0.014830730726186729), np.float64(0.050902130367532855), np.float64(0.5399350905096426), np.float64(0.20057965712606013)
np.float64(0.01478025118780974), np.float64(0.014780330715071502), np.float64(0.014780410245035484), np.float64(0.15030818303295262), np.float64(0.014785174343893329), np.float64(0.04813972936686784), np.float64(0.5450972524458275), np.float64(0.1973286686625421)
np.float64(0.014745089607250446), np.float64(0.014745169140759675), np.float64(0.014745248676971337), np.float64(0.15238937686751483), np.float64(0.014750084698955387), np.float64(0.046000334074389373), np.float64(0.5459306304321176), np.float64(0.19669406650204133)
np.float64(0.014719160805425336), np.float64(0.014719240360379644), np.float64(0.014719319918037111), np.float64(0.14539866694609405), np.float64(0.014723919329938316), np.float64(0.04439291187651271), np.float64(0.5306168381315701), np.float64(0.2207099426320427)
np.float64(0.014687305307123177), np.float64(0.014687384851373131), np.float64(0.01468746439832588), np.float64(0.13709599244866308), np.float64(0.014691782758605252), np.float64(0.04248300070201198), np.float64(0.531526296066557), np.float64(0.23014077346734046)
np.float64(0.014674640426010079), np.float64(0.014674719952086012), np.float64(0.014674799480864122), np.float64(0.13390248848677436), np.float64(0.014679009724580807), np.float64(0.04174806232011064), np.float64(0.5411160301062473), np.float64(0.22453024950332665)
np.float64(0.014652172767511316), np.float64(0.014652252312526216), np.float64(0.014652331860243934), np.float64(0.13872527819250238), np.float64(0.01465670677652793), np.float64(0.04035495422558762), np.float64(0.5370313374468207), np.float64(0.2252749664182798)
np.float64(0.014614162979627747), np.float64(0.014614242515191046), np.float64(0.014614322053456842), np.float64(0.13872237370366883), np.float64(0.0146186981436632), np.float64(0.03807057782824263), np.float64(0.5470988020935219), np.float64(0.2176468206826278)
np.float64(0.014588368240225523), np.float64(0.014588447749221098), np.float64(0.014588527260918272), np.float64(0.13081593149965487), np.float64(0.014592635525227387), np.float64(0.03655536533822952), np.float64(0.5581623297758728), np.float64(0.21610839461065068)
np.float64(0.014564129125586746), np.float64(0.014564208607146743), np.float64(0.014564288091407404), np.float64(0.1234092135272066), np.float64(0.014568145455116897), np.float64(0.035135860772026795), np.float64(0.5691003916989678), np.float64(0.21409376272254113)
np.float64(0.014547350377379264), np.float64(0.01454743025858044), np.float64(0.01454751014249586), np.float64(0.13600335714389966), np.float64(0.014551796806028675), np.float64(0.051833667302398925), np.float64(0.5457888603155943), np.float64(0.20818002765362295)
np.float64(0.014526327149138759), np.float64(0.01452640699757496), np.float64(0.014526486848724294), np.float64(0.1389079415550207), np.float64(0.014530872854550974), np.float64(0.0494531162835885), np.float64(0.5576232396534955), np.float64(0.1959056086579064)
np.float64(0.014495433967345754), np.float64(0.014495513768073334), np.float64(0.014495593571512424), np.float64(0.1367371654017946), np.float64(0.01449990677185617), np.float64(0.04595320980810838), np.float64(0.5701392973661199), np.float64(0.18918387934518946)
np.float64(0.014476938710188132), np.float64(0.014477018657042779), np.float64(0.014477098606613902), np.float64(0.14823683070972243), np.float64(0.014481803469303728), np.float64(0.05255017825062138), np.float64(0.5565145031420305), np.float64(0.18478562845447702)
np.float64(0.014465308168562022), np.float64(0.01446538823139484), np.float64(0.014465468296948074), np.float64(0.15094853832334154), np.float64(0.014470265926609875), np.float64(0.060326703534733184), np.float64(0.5453683683973255), np.float64(0.185489959121085)
np.float64(0.014447671272067577), np.float64(0.01444775140564073), np.float64(0.014447831541936702), np.float64(0.15027213462636083), np.float64(0.01445260692916119), np.float64(0.06612215666863774), np.float64(0.5330849666975406), np.float64(0.19272488085865475)
np.float64(0.014438972736317694), np.float64(0.014439052929234822), np.float64(0.014439133124876786), np.float64(0.15472444694075435), np.float64(0.014444060209352388), np.float64(0.07380681411636458), np.float64(0.5298645399853037), np.float64(0.18384297995779572)
np.float64(0.014424230171346624), np.float64(0.01442431036925951), np.float64(0.014424390569897402), np.float64(0.14423312364183635), np.float64(0.014428961685626943), np.float64(0.0797319151165916), np.float64(0.5359896147951753), np.float64(0.18234345365026627)
np.float64(0.014413089062916173), np.float64(0.014413169274129018), np.float64(0.01441324948806732), np.float64(0.14716394467718727), np.float64(0.014417920593925626), np.float64(0.07563871383890809), np.float64(0.5146712684740639), np.float64(0.20486864459080265)
np.float64(0.01440124485627801), np.float64(0.014401325101878939), np.float64(0.014401405350206495), np.float64(0.1480812795163839), np.float64(0.014406108096974752), np.float64(0.08172749926449857), np.float64(0.5108025287448533), np.float64(0.20177860906892603)
np.float64(0.014387630844775953), np.float64(0.014387711037435308), np.float64(0.01438779123281949), np.float64(0.14865493984524492), np.float64(0.0143925138284156), np.float64(0.07664440347326956), np.float64(0.5185683931012055), np.float64(0.19857661663683365)
np.float64(0.014376157431521487), np.float64(0.01437623761097416), np.float64(0.014376317793151214), np.float64(0.1491173219010703), np.float64(0.01438105646324195), np.float64(0.0719718273242583), np.float64(0.5035309255569664), np.float64(0.21787015591881612)
np.float64(0.014366066026885303), np.float64(0.014366146157858061), np.float64(0.014366226291553553), np.float64(0.1405828709828307), np.float64(0.014370675219536602), np.float64(0.06831798175080844), np.float64(0.5064327256505077), np.float64(0.22719730792001958)
np.float64(0.014356544839557353), np.float64(0.014356624922924333), np.float64(0.014356705009012427), np.float64(0.13258466716036113), np.float64(0.014360882398145178), np.float64(0.06489368251739697), np.float64(0.5089968060908859), np.float64(0.23609408706171667)
np.float64(0.014351251400563099), np.float64(0.01435133150917203), np.float64(0.014351411620502935), np.float64(0.1488578191380337), np.float64(0.014356142177650948), np.float64(0.06235067729447053), np.float64(0.49543971727489333), np.float64(0.23594164958471342)
np.float64(0.014341710129738705), np.float64(0.014341790161052706), np.float64(0.014341870195086056), np.float64(0.14028502069226662), np.float64(0.014346309630809323), np.float64(0.05928530923256759), np.float64(0.5212313361788373), np.float64(0.22182665377964159)
np.float64(0.014338571357066681), np.float64(0.0143386513753057), np.float64(0.014338731396263626), np.float64(0.13703642470613303), np.float64(0.014343060529993935), np.float64(0.05812401832762032), np.float64(0.5196058957594578), np.float64(0.22787464654815878)
np.float64(0.014331477986334218), np.float64(0.014331557944994574), np.float64(0.01433163790637181), np.float64(0.1307363907765825), np.float64(0.014335753096116136), np.float64(0.0558712681869381), np.float64(0.5391446700079078), np.float64(0.21691724409475496)
np.float64(0.014320966825279278), np.float64(0.014321046720818905), np.float64(0.014321126619073265), np.float64(0.13097392362851246), np.float64(0.014325250110741003), np.float64(0.05222198018165763), np.float64(0.5603541691082796), np.float64(0.19916153680563775)
np.float64(0.014317444166170654), np.float64(0.014317524059191527), np.float64(0.014317603954927047), np.float64(0.13765750751520597), np.float64(0.014321954659559712), np.float64(0.05076858128215682), np.float64(0.5622130632606999), np.float64(0.1920863211020885)
np.float64(0.014311895297493769), np.float64(0.014311975187283266), np.float64(0.014312055079787304), np.float64(0.15130961625871817), np.float64(0.01431686984498833), np.float64(0.04847019321206856), np.float64(0.5620703330768557), np.float64(0.1808970620428048)
np.float64(0.014307297778073432), np.float64(0.0143073776846932), np.float64(0.014307457594028078), np.float64(0.16478153528523284), np.float64(0.014312730305016261), np.float64(0.04632452020868296), np.float64(0.5501849176123396), np.float64(0.1814741635319337)
np.float64(0.01430449891614673), np.float64(0.01430457882641153), np.float64(0.014304658739391563), np.float64(0.1590344853600967), np.float64(0.014309736276504018), np.float64(0.045099499108126766), np.float64(0.5413181361571353), np.float64(0.19732440661618744)
np.float64(0.014300899360971914), np.float64(0.01430097930440046), np.float64(0.014301059250545365), np.float64(0.19419350510744077), np.float64(0.014307331627851201), np.float64(0.04317307006730072), np.float64(0.5195372102614509), np.float64(0.18588594502003863)
np.float64(0.01429581866115266), np.float64(0.014295898579272113), np.float64(0.014295978500107064), np.float64(0.18282603275472772), np.float64(0.014301864749508519), np.float64(0.04134438563476539), np.float64(0.521639426355922), np.float64(0.1970005947645447)
np.float64(0.014291533420747057), np.float64(0.014291613304784774), np.float64(0.014291693191536834), np.float64(0.1742204987131108), np.float64(0.014297287115043524), np.float64(0.03995964541047185), np.float64(0.5300552189015372), np.float64(0.1985925099427681)
np.float64(0.014286342295718332), np.float64(0.01428642213494), np.float64(0.014286501976874484), np.float64(0.16406800031701663), np.float64(0.014291751020233993), np.float64(0.038325865065640376), np.float64(0.5423598891129443), np.float64(0.19809522807663196)
np.float64(0.014282281754991352), np.float64(0.014282361578832555), np.float64(0.014282441405386056), np.float64(0.16572791308234566), np.float64(0.014287746957338608), np.float64(0.0368047481018961), np.float64(0.543059813631197), np.float64(0.19727269348801263)
np.float64(0.014277246327529823), np.float64(0.014277326117589407), np.float64(0.014277405910360136), np.float64(0.15429344644441417), np.float64(0.014282323039557532), np.float64(0.03509999478968738), np.float64(0.5477641866111861), np.float64(0.20572807075967545)
np.float64(0.014273384422377682), np.float64(0.014273464187642224), np.float64(0.014273543955617071), np.float64(0.14543112200040229), np.float64(0.014278160037750858), np.float64(0.033778754367690005), np.float64(0.5483351253418114), np.float64(0.21535644568670853)
np.float64(0.014275894581806253), np.float64(0.014275974528236715), np.float64(0.01427605447738364), np.float64(0.13745350041019525), np.float64(0.014280399768772534), np.float64(0.04153644677815862), np.float64(0.549798649737293), np.float64(0.21410307971815407)
np.float64(0.01427157364394005), np.float64(0.014271653537519694), np.float64(0.014271733433814004), np.float64(0.12962770546969116), np.float64(0.014275812857364505), np.float64(0.03980116983123785), np.float64(0.5608408691917951), np.float64(0.2126394820346377)
np.float64(0.01426777043291781), np.float64(0.014267850301613509), np.float64(0.014267930173023028), np.float64(0.131786674125067), np.float64(0.014272083034597241), np.float64(0.037875660035618854), np.float64(0.5648924540805098), np.float64(0.20836957781665275)
np.float64(0.01426671184450936), np.float64(0.014266791726041691), np.float64(0.014266871610288279), np.float64(0.1273101223394169), np.float64(0.014270872426888737), np.float64(0.03697555144411044), np.float64(0.5439218336570186), np.float64(0.23472124495172605)
np.float64(0.014267963424631156), np.float64(0.014268043424412596), np.float64(0.01426812342691231), np.float64(0.12036765508717158), np.float64(0.014271888542709972), np.float64(0.044506831489856374), np.float64(0.5568666167906798), np.float64(0.22118287781362633)
np.float64(0.014266197921726804), np.float64(0.014266277920047683), np.float64(0.014266357921086785), np.float64(0.1256831802165012), np.float64(0.014270303707644505), np.float64(0.042975809276644246), np.float64(0.5524559943389351), np.float64(0.22181587869741376)
np.float64(0.014263627998556221), np.float64(0.014263707978790917), np.float64(0.01426378796174322), np.float64(0.12922899348706077), np.float64(0.01426785428094679), np.float64(0.04116412291989071), np.float64(0.5525742226113451), np.float64(0.21997368276166623)
np.float64(0.014268178969685859), np.float64(0.01426825917885083), np.float64(0.014268339390741187), np.float64(0.12093506845368701), np.float64(0.014272124197864281), np.float64(0.058366341638310434), np.float64(0.5471115643059999), np.float64(0.2165101238648605)
np.float64(0.014265878056365578), np.float64(0.014265958235860719), np.float64(0.014266038418080237), np.float64(0.1261990979621434), np.float64(0.014270002107990254), np.float64(0.05612426899196507), np.float64(0.5543731210483921), np.float64(0.20623563517920268)
np.float64(0.014261941900009576), np.float64(0.014262022014214306), np.float64(0.014262102131141197), np.float64(0.1177421528162633), np.float64(0.014265778469706808), np.float64(0.05295928060403794), np.float64(0.5584828117717064), np.float64(0.21376391029292052)
np.float64(0.014258684028161647), np.float64(0.0142587640746807), np.float64(0.01425884412391961), np.float64(0.11242760831651608), np.float64(0.014262339857435184), np.float64(0.05096983587937453), np.float64(0.5760414767808978), np.float64(0.2035224469390145)
np.float64(0.014255296696549045), np.float64(0.014255376688011167), np.float64(0.014255456682191277), np.float64(0.10501030068156397), np.float64(0.014258700391528772), np.float64(0.04819396962620512), np.float64(0.5782491184123411), np.float64(0.21152178082160966)
np.float64(0.014255240125948511), np.float64(0.014255320143323178), np.float64(0.014255400163416714), np.float64(0.1125719611717793), np.float64(0.014258900860557039), np.float64(0.04690894855592251), np.float64(0.5683460310695314), np.float64(0.21514819790952133)
np.float64(0.014253553385441486), np.float64(0.01425363340686477), np.float64(0.014253713431007058), np.float64(0.12561747031738915), np.float64(0.014257657460688506), np.float64(0.04407443867503719), np.float64(0.5644889322794008), np.float64(0.20880060104417114)
np.float64(0.014250545547350196), np.float64(0.014250625515344412), np.float64(0.014250705486055821), np.float64(0.11720335992074966), np.float64(0.014254363612034983), np.float64(0.04181914184081752), np.float64(0.5674124815257952), np.float64(0.21655877655185224)
