np.float64(0.12087840618272286), np.float64(0.12087840923906493), np.float64(0.12087841229551091), np.float64(0.1208784153520607), np.float64(0.13186808544848214), np.float64(0.13173720841555417), np.float64(0.13200151516292305), np.float64(0.12087954790368134)
np.float64(0.11821423596903234), np.float64(0.11821424099932935), np.float64(0.11821424602979734), np.float64(0.11821425106043618), np.float64(0.12892922784944355), np.float64(0.13996326358962297), np.float64(0.12905970574166167), np.float64(0.1291908287606767)
np.float64(0.11433946337126864), np.float64(0.11433947127029971), np.float64(0.1254249806478948), np.float64(0.11433986373813244), np.float64(0.12465533273620175), np.float64(0.1463342527319701), np.float64(0.124781327539733), np.float64(0.13578530796449953)
np.float64(0.10701819281802218), np.float64(0.10701820613772692), np.float64(0.12800203263659668), np.float64(0.11754232861841186), np.float64(0.12767853802956866), np.float64(0.15817853061360046), np.float64(0.1276652533844206), np.float64(0.12689691776165252)
np.float64(0.10131607701210661), np.float64(0.10131609454244976), np.float64(0.14264413344976296), np.float64(0.1111938270322778), np.float64(0.13130414463747345), np.float64(0.16043921971668562), np.float64(0.12069503922842566), np.float64(0.13109146438081815)
np.float64(0.09491602227582856), np.float64(0.09491604451396174), np.float64(0.16566891716427495), np.float64(0.1040685523731646), np.float64(0.12270010322694987), np.float64(0.160937043258844), np.float64(0.12342596412164124), np.float64(0.13336735306533523)
np.float64(0.09189965869556356), np.float64(0.09189968315781703), np.float64(0.16000577334328192), np.float64(0.10070981208726101), np.float64(0.12975462209321328), np.float64(0.16657835261930193), np.float64(0.11934384957024362), np.float64(0.13980824843331774)
np.float64(0.08713467014242518), np.float64(0.08713469813250087), np.float64(0.16203689862507004), np.float64(0.10596777759695136), np.float64(0.14432094244576138), np.float64(0.15722979319647792), np.float64(0.11289536214322224), np.float64(0.14327985771759097)
np.float64(0.08351662020970543), np.float64(0.0835166508580939), np.float64(0.16595973810479175), np.float64(0.11202262761757806), np.float64(0.13786376568307843), np.float64(0.1722459044096304), np.float64(0.10799954794593226), np.float64(0.1368751451711898)
np.float64(0.08007392399660891), np.float64(0.08007395716986336), np.float64(0.15841791654213572), np.float64(0.1071626035547994), np.float64(0.14262574162922917), np.float64(0.1752734593170461), np.float64(0.10334030690914231), np.float64(0.15303209088117503)
np.float64(0.07598920081542113), np.float64(0.07598923695737048), np.float64(0.16044013853743003), np.float64(0.10139692890961732), np.float64(0.13465894712932316), np.float64(0.18775299925300146), np.float64(0.09781265315981072), np.float64(0.16595989523802565)
np.float64(0.07293743790014548), np.float64(0.07293747630434123), np.float64(0.15321132721507214), np.float64(0.11896766531966056), np.float64(0.12870605959241638), np.float64(0.19022987871412514), np.float64(0.0936826164940221), np.float64(0.16932753846021703)
np.float64(0.06934517089946123), np.float64(0.06934521198065204), np.float64(0.15592843977111856), np.float64(0.11255607449761496), np.float64(0.1324285729873928), np.float64(0.19064169691761917), np.float64(0.10992234920104928), np.float64(0.15983248374509204)
np.float64(0.06865839600623572), np.float64(0.06865843760653408), np.float64(0.15416115475684253), np.float64(0.11133005408452974), np.float64(0.13095455561492433), np.float64(0.1884412123975652), np.float64(0.11977933052489628), np.float64(0.1580168590084721)
np.float64(0.06527008304855958), np.float64(0.06527012708540315), np.float64(0.14544761509185392), np.float64(0.1052841029874462), np.float64(0.12368636691271019), np.float64(0.21038715584764722), np.float64(0.11320827553641563), np.float64(0.17144627348996405)
np.float64(0.06275760977871782), np.float64(0.06275765569494987), np.float64(0.13898313347314747), np.float64(0.11153515189040829), np.float64(0.11829488798989024), np.float64(0.20072212784538626), np.float64(0.13036352404636478), np.float64(0.17458590928113538)
np.float64(0.05920131648333417), np.float64(0.059201365028969714), np.float64(0.12983434393760454), np.float64(0.11542018183308794), np.float64(0.13207334690146227), np.float64(0.19811564105652224), np.float64(0.13258063056503644), np.float64(0.17357317419398274)
np.float64(0.05644573932789477), np.float64(0.05644578992476733), np.float64(0.12274481975019329), np.float64(0.13073420296482163), np.float64(0.1357242324344337), np.float64(0.18683757499437098), np.float64(0.1472658807048584), np.float64(0.16380175989865983)
np.float64(0.055385618710901016), np.float64(0.05538567008582583), np.float64(0.120017853509505), np.float64(0.1278063747334272), np.float64(0.14371476589934415), np.float64(0.18249961047127894), np.float64(0.15514677375884198), np.float64(0.16004333283087582)
np.float64(0.05284204468368182), np.float64(0.0528420979091783), np.float64(0.11347570995762482), np.float64(0.13190420756760374), np.float64(0.14676456512122166), np.float64(0.18312866406389286), np.float64(0.14643247050429978), np.float64(0.17261024019249713)
np.float64(0.051384539554904844), np.float64(0.05138459382503444), np.float64(0.10972768034126029), np.float64(0.12746001597259823), np.float64(0.14175900356365262), np.float64(0.19899978302204707), np.float64(0.15265491919648858), np.float64(0.16662946452401403)
np.float64(0.0490773698193247), np.float64(0.049077425744300955), np.float64(0.10379465003678416), np.float64(0.12042497332094564), np.float64(0.14461532773581037), np.float64(0.1983146106080006), np.float64(0.1440548286943229), np.float64(0.19064081404051064)
np.float64(0.04693896750969487), np.float64(0.04693902502685962), np.float64(0.11967220072781913), np.float64(0.11390181564097647), np.float64(0.1478008991840237), np.float64(0.1979380485715707), np.float64(0.14700617478611572), np.float64(0.17980286855293978)
np.float64(0.04491522849550458), np.float64(0.044915287478239106), np.float64(0.11314307849048494), np.float64(0.11864017776697416), np.float64(0.15033342505861455), np.float64(0.19790454505064617), np.float64(0.13878501802032037), np.float64(0.19136323963921625)
np.float64(0.043029079946577745), np.float64(0.043029140326240084), np.float64(0.1502429425993808), np.float64(0.11221596394756936), np.float64(0.1419577329721073), np.float64(0.1979427617636057), np.float64(0.13112080434382198), np.float64(0.18046157410069702)
np.float64(0.0412485771966798), np.float64(0.0412486388662484), np.float64(0.15250470362175447), np.float64(0.10615246088370121), np.float64(0.14483499103238062), np.float64(0.19791526097081225), np.float64(0.13475628573348686), np.float64(0.1813390816949364)
np.float64(0.039906061564286326), np.float64(0.039906124212735705), np.float64(0.15685527090505463), np.float64(0.11218800969029845), np.float64(0.13833790555599476), np.float64(0.1999847274410707), np.float64(0.12876119008677572), np.float64(0.1840607105437836)
np.float64(0.03802068125479433), np.float64(0.03802074529119368), np.float64(0.157194854251999), np.float64(0.1263194674005774), np.float64(0.14023958139481324), np.float64(0.18632410703055916), np.float64(0.1203403802374085), np.float64(0.1935401831386546)
np.float64(0.03654966962031058), np.float64(0.03654973471913763), np.float64(0.1591776095739739), np.float64(0.14125940958697916), np.float64(0.13243899248394456), np.float64(0.1756693766509991), np.float64(0.11377221592619272), np.float64(0.20458299143846237)
np.float64(0.0351695779824687), np.float64(0.03516964407658037), np.float64(0.15020205052655625), np.float64(0.133393694681183), np.float64(0.13586094147148578), np.float64(0.1768256461396971), np.float64(0.11812992531251908), np.float64(0.21524851980950974)
np.float64(0.034123079926974546), np.float64(0.03412314676100546), np.float64(0.14339839475214036), np.float64(0.1384506214648498), np.float64(0.12977541461242395), np.float64(0.1909062670871199), np.float64(0.11293256653103406), np.float64(0.21629050886445186)
np.float64(0.032650553362224256), np.float64(0.032650621236958666), np.float64(0.1338250454278929), np.float64(0.1398735093774769), np.float64(0.1323364442012179), np.float64(0.1996631675140577), np.float64(0.10561922598274634), np.float64(0.22338143289742537)
np.float64(0.03172797989048928), np.float64(0.03172804840904518), np.float64(0.12782841201956935), np.float64(0.1335735395512665), np.float64(0.1375648207493507), np.float64(0.21267113127889264), np.float64(0.10103831405440603), np.float64(0.22386775404698042)
np.float64(0.030439933043148612), np.float64(0.03044000250231422), np.float64(0.13029748972019217), np.float64(0.1247712172268722), np.float64(0.17215673324120456), np.float64(0.20885119440890929), np.float64(0.09463846943782922), np.float64(0.20840496041952977)
np.float64(0.02923700946111428), np.float64(0.029237079752490264), np.float64(0.13226730384174365), np.float64(0.11655837487134059), np.float64(0.17170030077798282), np.float64(0.22727714880849395), np.float64(0.08866648242987649), np.float64(0.20505630005695794)
np.float64(0.027956819999121262), np.float64(0.027956891230168094), np.float64(0.13303660759732477), np.float64(0.1294372423068754), np.float64(0.1801369462330047), np.float64(0.21989578549625607), np.float64(0.0823048038164179), np.float64(0.19927490332083186)
np.float64(0.027107914356638722), np.float64(0.027107986200209648), np.float64(0.1256719236074685), np.float64(0.12229575282180602), np.float64(0.16985167408472793), np.float64(0.24051793909226715), np.float64(0.0888447702926028), np.float64(0.19860203954427924)
np.float64(0.026157714074581524), np.float64(0.026157786598509716), np.float64(0.12839807187334573), np.float64(0.12499200720124402), np.float64(0.16907198561554318), np.float64(0.23490838693662627), np.float64(0.08332857294280904), np.float64(0.20698547475734055)
np.float64(0.025717201469741734), np.float64(0.02571727435631141), np.float64(0.1351690122044497), np.float64(0.12087983897477825), np.float64(0.16332209543242185), np.float64(0.22671244776117325), np.float64(0.09155735222996242), np.float64(0.2109247775711614)
np.float64(0.025141032432223466), np.float64(0.02514110570345794), np.float64(0.13985066113728456), np.float64(0.11552265414382325), np.float64(0.15583242724585686), np.float64(0.23856446035804035), np.float64(0.08767423693285603), np.float64(0.21227342204645747)
np.float64(0.024220872729278337), np.float64(0.024220946739946132), np.float64(0.12920101873056655), np.float64(0.1285603228793628), np.float64(0.15426415810029634), np.float64(0.23080620623603065), np.float64(0.10229330473666431), np.float64(0.20643316984785484)
np.float64(0.023364768496027408), np.float64(0.02336484309602648), np.float64(0.12990785741742245), np.float64(0.1187374502918403), np.float64(0.1751714641928021), np.float64(0.21219724340282922), np.float64(0.0947290143511419), np.float64(0.2225273587519102)
np.float64(0.02290866013640867), np.float64(0.0229087350480338), np.float64(0.13525456029910923), np.float64(0.11350497870690938), np.float64(0.17813361378470252), np.float64(0.21324117211416205), np.float64(0.09069976755520476), np.float64(0.2233485123554695)
np.float64(0.022365941249532305), np.float64(0.022366016496245606), np.float64(0.12767686846297513), np.float64(0.10728922799415262), np.float64(0.17861862631290246), np.float64(0.21215139046071266), np.float64(0.08591282201400052), np.float64(0.24361910700947872)
np.float64(0.02196650912205146), np.float64(0.021966584696675222), np.float64(0.13280264181464005), np.float64(0.12451681751848917), np.float64(0.17049293205795615), np.float64(0.21360303979335749), np.float64(0.08237222875043718), np.float64(0.23227924624639323)
np.float64(0.021580799507709664), np.float64(0.02158087534809415), np.float64(0.12686964355533473), np.float64(0.13011071155545378), np.float64(0.17382189716188828), np.float64(0.2257022839072886), np.float64(0.07896477183466445), np.float64(0.22136901712956644)
np.float64(0.021209909521309495), np.float64(0.021209985577729927), np.float64(0.12118099376617647), np.float64(0.12425837090770142), np.float64(0.16576186285468084), np.float64(0.2375452922993252), np.float64(0.07569640953325726), np.float64(0.23313717553981936)
np.float64(0.02070073643572506), np.float64(0.020700812900733015), np.float64(0.13501724763023207), np.float64(0.1161768774402733), np.float64(0.15463026605731667), np.float64(0.2318605688605078), np.float64(0.08159131206524942), np.float64(0.23932217860996272)
np.float64(0.02030451752810039), np.float64(0.020304594304160796), np.float64(0.13858965777939353), np.float64(0.10989087387011838), np.float64(0.15720333461776775), np.float64(0.2184381258411347), np.float64(0.08769164447630541), np.float64(0.24757725158301896)
np.float64(0.020000883676670023), np.float64(0.020000960647741144), np.float64(0.14352830115045814), np.float64(0.1050923449248983), np.float64(0.16086608976944047), np.float64(0.20819326149461043), np.float64(0.08400741448910967), np.float64(0.2583107438470718)
np.float64(0.01978231742211975), np.float64(0.01978239452449832), np.float64(0.1386178386222213), np.float64(0.10164178608203638), np.float64(0.16655952752526743), np.float64(0.21191697337360238), np.float64(0.08135848649335171), np.float64(0.2603406759569028)
np.float64(0.01951198607219805), np.float64(0.01951206342498504), np.float64(0.13248975394519513), np.float64(0.09733636666222362), np.float64(0.15905412079014875), np.float64(0.21328074588025558), np.float64(0.09957268872076641), np.float64(0.2592422745042274)
np.float64(0.01918225969438881), np.float64(0.019182337233132254), np.float64(0.13623329503675316), np.float64(0.09213646262152812), np.float64(0.14999166964808314), np.float64(0.21205675009364328), np.float64(0.0942332231770643), np.float64(0.27698400249540694)
np.float64(0.018818822213353646), np.float64(0.018818900015220023), np.float64(0.14916827240100713), np.float64(0.08638035429544047), np.float64(0.1399583870022917), np.float64(0.2086604023118675), np.float64(0.09869465066299296), np.float64(0.2795002110978265)
np.float64(0.018589636731764954), np.float64(0.01858971467614447), np.float64(0.16473481265235665), np.float64(0.0827607873675146), np.float64(0.13364955289896882), np.float64(0.2098531188808845), np.float64(0.09445736986479586), np.float64(0.27736500692757027)
np.float64(0.018268376248017887), np.float64(0.018268454405297525), np.float64(0.15357478902927002), np.float64(0.08793144163077243), np.float64(0.12479531046281306), np.float64(0.25079584794467086), np.float64(0.08851168980752576), np.float64(0.2578540904716325)
np.float64(0.018069170106863028), np.float64(0.018069248417577122), np.float64(0.15786754833107025), np.float64(0.08426161961709201), np.float64(0.11928872511648586), np.float64(0.2501568061827809), np.float64(0.09527250144073897), np.float64(0.25701438078739197)
np.float64(0.017788316894959594), np.float64(0.01778839541607392), np.float64(0.15782435806988823), np.float64(0.07909043797791018), np.float64(0.12233550315179717), np.float64(0.2546148847192617), np.float64(0.10004816869019026), np.float64(0.2505099350799189)
np.float64(0.017611855435265566), np.float64(0.01761193407609672), np.float64(0.1506426534371411), np.float64(0.0758473726828806), np.float64(0.13878613219100824), np.float64(0.2650486389446005), np.float64(0.09575821853381745), np.float64(0.23869319469918976)
np.float64(0.017411035609662846), np.float64(0.017411114496600814), np.float64(0.1531705680079254), np.float64(0.08264928955247403), np.float64(0.1312097218555181), np.float64(0.24978615692711564), np.float64(0.11245659442920564), np.float64(0.2359055191214975)
np.float64(0.017212977817104028), np.float64(0.017213056796575414), np.float64(0.144480618566853), np.float64(0.07837052536314902), np.float64(0.13503137764020268), np.float64(0.24591661412052976), np.float64(0.1063141146025069), np.float64(0.25546071509307927)
np.float64(0.017032491200768708), np.float64(0.017032570345995868), np.float64(0.147525815583414), np.float64(0.08512790004099863), np.float64(0.13835434932795096), np.float64(0.24279449010109463), np.float64(0.1006463743101065), np.float64(0.25148600908967056)
np.float64(0.016793004398141225), np.float64(0.01679308367382475), np.float64(0.14723478014561464), np.float64(0.07902090242774305), np.float64(0.1496177676464938), np.float64(0.2444133260295398), np.float64(0.09320361112253132), np.float64(0.2529235245561115)
np.float64(0.016697995502500215), np.float64(0.016698074850231084), np.float64(0.14222980247838718), np.float64(0.0765835747566252), np.float64(0.14452309776706018), np.float64(0.24689616120862642), np.float64(0.101132308746013), np.float64(0.2552389846905567)
np.float64(0.016546307360315655), np.float64(0.016546386800492495), np.float64(0.1342726129917457), np.float64(0.07270824326280922), np.float64(0.14720882486256284), np.float64(0.2437080719654638), np.float64(0.10616459786612538), np.float64(0.26284495489048487)
np.float64(0.016404634287234546), np.float64(0.016404713824808372), np.float64(0.12682434321603447), np.float64(0.06908093116915573), np.float64(0.13895768754873203), np.float64(0.2517549390946946), np.float64(0.12199674571810515), np.float64(0.25857600514123524)
np.float64(0.016269378774809752), np.float64(0.016269458361227528), np.float64(0.11977913795834116), np.float64(0.0656492584478247), np.float64(0.13115319925830396), np.float64(0.27022586021091183), np.float64(0.1260759569458515), np.float64(0.2545777500427296)
np.float64(0.01614544808065514), np.float64(0.016145527766677086), np.float64(0.11324221948663116), np.float64(0.07294973024125075), np.float64(0.12391196153048316), np.float64(0.2653991724968209), np.float64(0.11914966715169482), np.float64(0.2730562732457871)
np.float64(0.01604975511471337), np.float64(0.016049834835459534), np.float64(0.10825750406534997), np.float64(0.06999383206049489), np.float64(0.11839000982349278), np.float64(0.2864173550361172), np.float64(0.1248155952776948), np.float64(0.26002611378667756)
np.float64(0.015940963748569816), np.float64(0.01594104358908841), np.float64(0.1132136725471138), np.float64(0.06656381166695995), np.float64(0.1443070109528288), np.float64(0.28112571751872495), np.float64(0.11801142527831024), np.float64(0.24489635469840415)
np.float64(0.015836975447061818), np.float64(0.015837055361606484), np.float64(0.10707656559922869), np.float64(0.07334218219778449), np.float64(0.13624175774690891), np.float64(0.28721464997813506), np.float64(0.11157787806956636), np.float64(0.252872935599708)
np.float64(0.015740727320261425), np.float64(0.01574080733170976), np.float64(0.11221646198067474), np.float64(0.06969694988578849), np.float64(0.12871420768705635), np.float64(0.2814133697345329), np.float64(0.12717820674695932), np.float64(0.24929926931301702)
np.float64(0.0156695344802391), np.float64(0.015669614596385054), np.float64(0.13991248524114233), np.float64(0.06696665194266464), np.float64(0.13420793194928443), np.float64(0.26824513016871987), np.float64(0.12161428103730519), np.float64(0.23771437058425926)
np.float64(0.0155666096271574), np.float64(0.015566689832945407), np.float64(0.13065199572335173), np.float64(0.07310406655990702), np.float64(0.1253682605078491), np.float64(0.2609679378404081), np.float64(0.12438358347872913), np.float64(0.25439085642965215)
np.float64(0.015453842314499632), np.float64(0.015453922567677955), np.float64(0.12063570490624777), np.float64(0.06804000198216785), np.float64(0.1371211217445312), np.float64(0.23973820713724828), np.float64(0.12572643733814198), np.float64(0.2778307620094853)
np.float64(0.015406900195945284), np.float64(0.015406980431138492), np.float64(0.11656246455585788), np.float64(0.0659800995114063), np.float64(0.13241683473638452), np.float64(0.24223833863358926), np.float64(0.12145871701146302), np.float64(0.2905296649242153)
np.float64(0.015323007753314133), np.float64(0.015323088062818534), np.float64(0.10901120447684595), np.float64(0.06216287355625524), np.float64(0.13443684240673748), np.float64(0.23613410585200512), np.float64(0.146561475048201), np.float64(0.2810474028438226)
np.float64(0.015269512148663577), np.float64(0.015269592479996048), np.float64(0.10426125160143954), np.float64(0.05976136958442), np.float64(0.13957216846058998), np.float64(0.23628227073556127), np.float64(0.15073151983667296), np.float64(0.2788523151526567)
np.float64(0.015219780224752328), np.float64(0.015219860602509452), np.float64(0.11050061496249879), np.float64(0.05749583197577422), np.float64(0.1333311823839074), np.float64(0.22522406566149103), np.float64(0.16587469377698535), np.float64(0.2771339704120816)
np.float64(0.015174821522133954), np.float64(0.015174901999309067), np.float64(0.1165374910133086), np.float64(0.0653298113337525), np.float64(0.1274846874312239), np.float64(0.21486331060244276), np.float64(0.1584294976624613), np.float64(0.287005478435368)
np.float64(0.015130654898693856), np.float64(0.015130735436200688), np.float64(0.13327208037539312), np.float64(0.0628003363077475), np.float64(0.13300192446943712), np.float64(0.2158893643871539), np.float64(0.15128605962552152), np.float64(0.2734888444998524)
np.float64(0.015086482935082069), np.float64(0.015086563474871719), np.float64(0.1272949272640248), np.float64(0.06036223459879531), np.float64(0.12703834651474266), np.float64(0.21700021409207704), np.float64(0.16620585885545333), np.float64(0.2719253722649531)
np.float64(0.015033097025359654), np.float64(0.01503317753553101), np.float64(0.12019877558902099), np.float64(0.05746712604480183), np.float64(0.11995830921155046), np.float64(0.21509184334544057), np.float64(0.1676557666310231), np.float64(0.2895619046172723)
np.float64(0.014976202014584848), np.float64(0.014976282563163246), np.float64(0.13416721236252724), np.float64(0.054271024739515526), np.float64(0.12268632832958282), np.float64(0.21160241910812544), np.float64(0.15630686575390648), np.float64(0.2910136651285944)
np.float64(0.014927166782807165), np.float64(0.01492724746294592), np.float64(0.1364433456911371), np.float64(0.06130609322882101), np.float64(0.12549447923512022), np.float64(0.2085925088597029), np.float64(0.1565357994565713), np.float64(0.2817733592828943)
np.float64(0.014885158029374653), np.float64(0.014885238707957039), np.float64(0.13971881611039225), np.float64(0.058373643718546094), np.float64(0.11856113469430168), np.float64(0.21867198525607554), np.float64(0.15876723209419102), np.float64(0.27613679138916175)
np.float64(0.014845398707801376), np.float64(0.014845479374916457), np.float64(0.14265330130010728), np.float64(0.0556184727105914), np.float64(0.11204734740782757), np.float64(0.21728650421768425), np.float64(0.16084881771373918), np.float64(0.28185467856733243)
np.float64(0.014807400853173013), np.float64(0.014807481489801632), np.float64(0.13460352733597378), np.float64(0.05302458264415181), np.float64(0.1059161531073217), np.float64(0.22691152256905103), np.float64(0.162771032770596), np.float64(0.2871582992299311)
np.float64(0.014773689765689805), np.float64(0.01477377042659374), np.float64(0.1377567824469132), np.float64(0.050619630785580204), np.float64(0.11108622576836219), np.float64(0.2137161702974913), np.float64(0.16481294585259124), np.float64(0.2924607846567784)
np.float64(0.014749767052510167), np.float64(0.014749847774657501), np.float64(0.14255922124993511), np.float64(0.04882383619054095), np.float64(0.12804553265623353), np.float64(0.2038574873466268), np.float64(0.16850502206174678), np.float64(0.2787092856677492)
np.float64(0.014726000931545344), np.float64(0.014726081682897449), np.float64(0.14696301390459832), np.float64(0.047103921944120435), np.float64(0.1333763972786938), np.float64(0.19441892472366787), np.float64(0.1831409951145333), np.float64(0.26554466441994357)
np.float64(0.014698939772826188), np.float64(0.014699020748671583), np.float64(0.1590143968740366), np.float64(0.06483543834753376), np.float64(0.12485081112130313), np.float64(0.2032988347555362), np.float64(0.1710510885509061), np.float64(0.2475514698291864)
np.float64(0.01467323094600272), np.float64(0.014673311961438161), np.float64(0.16093387646574692), np.float64(0.07171504295478122), np.float64(0.11804104086873853), np.float64(0.2141036904209527), np.float64(0.16139639142788836), np.float64(0.2444634149544512)
np.float64(0.014638409786830828), np.float64(0.014638490811390643), np.float64(0.15920083940886798), np.float64(0.06679189206393353), np.float64(0.13118747378403248), np.float64(0.196978007341419), np.float64(0.17023398154855318), np.float64(0.24633090525497237)
np.float64(0.014633576740819169), np.float64(0.014633657763396786), np.float64(0.1573521066376499), np.float64(0.0661218415604907), np.float64(0.12969605510444737), np.float64(0.19464742779786182), np.float64(0.17954412162043493), np.float64(0.24337121277489934)
np.float64(0.014614318467184704), np.float64(0.014614399466275279), np.float64(0.15016261835348255), np.float64(0.06351580366001731), np.float64(0.12389602640884598), np.float64(0.20814783416643562), np.float64(0.19318737787206164), np.float64(0.23186162160569695)
np.float64(0.0145930487520739), np.float64(0.014593129766579185), np.float64(0.15256485459876992), np.float64(0.06046837811372536), np.float64(0.13896849538894943), np.float64(0.20751212596828933), np.float64(0.19290326593757504), np.float64(0.21839670147403764)
np.float64(0.014575706476216532), np.float64(0.014575787464033249), np.float64(0.1565646452247231), np.float64(0.0581446758763275), np.float64(0.13269758412636096), np.float64(0.23138702920006696), np.float64(0.1839215078581909), np.float64(0.2081330637740808)
np.float64(0.01455257819328492), np.float64(0.014552659181688495), np.float64(0.1569891648318707), np.float64(0.05489720381238547), np.float64(0.1453211908214939), np.float64(0.22671348503936892), np.float64(0.19318755751265648), np.float64(0.19378616060725107)
np.float64(0.014537648293605867), np.float64(0.014537729268148992), np.float64(0.17221768196334344), np.float64(0.05285976477407547), np.float64(0.13874899521271702), np.float64(0.22703741938261524), np.float64(0.1842152459967711), np.float64(0.19584551510872275)
np.float64(0.014519292837079536), np.float64(0.014519373873149437), np.float64(0.1606384606781838), np.float64(0.05993002047485649), np.float64(0.12962399919564144), np.float64(0.23369111546837837), np.float64(0.18239577229991652), np.float64(0.20468196517279444)
np.float64(0.014512708188471586), np.float64(0.014512789220322987), np.float64(0.1680571436414158), np.float64(0.05877279790717069), np.float64(0.126700250783778), np.float64(0.22812958794415827), np.float64(0.18945860306455176), np.float64(0.199856119250131)
np.float64(0.014486746154203738), np.float64(0.014486827131514416), np.float64(0.1852029021983247), np.float64(0.05440841895714096), np.float64(0.11567584809877766), np.float64(0.22923982088087486), np.float64(0.17228174570054616), np.float64(0.21421769087861753)
np.float64(0.014475677860343766), np.float64(0.014475758841729348), np.float64(0.17666750476192092), np.float64(0.05240396153738294), np.float64(0.12127803594868111), np.float64(0.218505910943701), np.float64(0.18658134049313752), np.float64(0.21561180961310344)
np.float64(0.014462776329639835), np.float64(0.014462857400499662), np.float64(0.18675204984425434), np.float64(0.05950803766117458), np.float64(0.12390933284513993), np.float64(0.22597057214574007), np.float64(0.1740112033142733), np.float64(0.2009231704592783)
np.float64(0.014458101398044555), np.float64(0.01445818247881184), np.float64(0.18241138082192004), np.float64(0.058369716345524625), np.float64(0.1322740028987137), np.float64(0.22064327604895856), np.float64(0.18115871498305794), np.float64(0.19622662502496857)
np.float64(0.014443185705404649), np.float64(0.01444326676443653), np.float64(0.1812368337933475), np.float64(0.05509656955946007), np.float64(0.1345173884645093), np.float64(0.21601974960129278), np.float64(0.20151786536280514), np.float64(0.18272514074874407)
np.float64(0.014431435743528108), np.float64(0.014431516780265552), np.float64(0.18159398555861275), np.float64(0.05255290510346815), np.float64(0.137775722680356), np.float64(0.21454677631944727), np.float64(0.21243462255187687), np.float64(0.17223303526244532)
np.float64(0.014420726319487178), np.float64(0.014420807345145358), np.float64(0.1823580701138184), np.float64(0.05017244475218885), np.float64(0.14072910161499153), np.float64(0.21318806086241954), np.float64(0.20011450831120314), np.float64(0.18459628068074613)
np.float64(0.014410310827370088), np.float64(0.014410391830794966), np.float64(0.1827771749321623), np.float64(0.04793427009667749), np.float64(0.14402697853138263), np.float64(0.2227178275788971), np.float64(0.19974107378208678), np.float64(0.17398197242062866)
np.float64(0.014402270278887316), np.float64(0.01440235125982746), np.float64(0.18548552706948854), np.float64(0.046242266559657005), np.float64(0.13750696278123847), np.float64(0.22321530679341778), np.float64(0.20149415493536105), np.float64(0.17725116032212246)
np.float64(0.01439865344549534), np.float64(0.014398734534457173), np.float64(0.17714631548866783), np.float64(0.05458308039061579), np.float64(0.13150573083431802), np.float64(0.22430604465695056), np.float64(0.19237569843674668), np.float64(0.19128574221274858)
np.float64(0.014391587466005011), np.float64(0.014391668540727879), np.float64(0.16898644591354048), np.float64(0.05256299569687801), np.float64(0.13677877282529277), np.float64(0.22503786750925506), np.float64(0.19437535824575247), np.float64(0.19347530380254835)
np.float64(0.014383068247340055), np.float64(0.014383149299375982), np.float64(0.17048555025667658), np.float64(0.05017701961768944), np.float64(0.14030989256635207), np.float64(0.23387063030793626), np.float64(0.19407783898107595), np.float64(0.18231285072355366)
np.float64(0.014381328098537883), np.float64(0.014381409238574061), np.float64(0.16476474367877678), np.float64(0.058830100145705604), np.float64(0.13569496585505955), np.float64(0.23723936392457934), np.float64(0.1874934285292228), np.float64(0.18721466052954394)
np.float64(0.014376578490267609), np.float64(0.014376659615296408), np.float64(0.17006809565425607), np.float64(0.057143973407117625), np.float64(0.13110058960706183), np.float64(0.22880296546197607), np.float64(0.19212972487027435), np.float64(0.19200141289375006)
np.float64(0.014366217308614784), np.float64(0.014366298401959627), np.float64(0.17881281136061344), np.float64(0.053453511209846725), np.float64(0.1321681049464373), np.float64(0.23189118475279286), np.float64(0.18746277459954444), np.float64(0.18747909742019067)
np.float64(0.014358509462907612), np.float64(0.014358590507262523), np.float64(0.16851332783853792), np.float64(0.05099956495967823), np.float64(0.12478786082721292), np.float64(0.24052708581516213), np.float64(0.2098159114202704), np.float64(0.17663914916896833)
np.float64(0.01435441495398305), np.float64(0.014354495980132989), np.float64(0.17380838193383888), np.float64(0.049606537572821754), np.float64(0.12059700205692762), np.float64(0.2433676563833575), np.float64(0.20240143403276276), np.float64(0.18151007708617542)
np.float64(0.014350641137261802), np.float64(0.01435072218756824), np.float64(0.1658850638578705), np.float64(0.047851919300207914), np.float64(0.1480889377409345), np.float64(0.2319906843895236), np.float64(0.20427627513862875), np.float64(0.17320575624800483)
np.float64(0.014346700962585316), np.float64(0.01434678198974073), np.float64(0.16012640906361705), np.float64(0.04657573280911739), np.float64(0.143006120554631), np.float64(0.2349883301817507), np.float64(0.20814331419729024), np.float64(0.1784666102412675)
np.float64(0.014345300260401041), np.float64(0.014345381377011635), np.float64(0.16398058305663682), np.float64(0.05458838109796363), np.float64(0.13671938053560234), np.float64(0.24689797822639212), np.float64(0.19867487401848896), np.float64(0.1704481214275035)
np.float64(0.014341159478586244), np.float64(0.014341240649980463), np.float64(0.16373529493871405), np.float64(0.061588853813760794), np.float64(0.12774973276403476), np.float64(0.25256104318155037), np.float64(0.18516658918038204), np.float64(0.1805160859929913)
np.float64(0.014337110635677226), np.float64(0.014337191850938551), np.float64(0.1637588130765505), np.float64(0.06849565619515773), np.float64(0.1194241479244344), np.float64(0.2460904342775012), np.float64(0.19447458368639084), np.float64(0.1790820623533496)
np.float64(0.01433145901301328), np.float64(0.014331540179408582), np.float64(0.1651293615624297), np.float64(0.06510604460813085), np.float64(0.11285204667257669), np.float64(0.2428795605720685), np.float64(0.2165864857626278), np.float64(0.16878350162974465)
np.float64(0.01432798614391459), np.float64(0.014328067299703961), np.float64(0.16871607192941437), np.float64(0.062564187559252), np.float64(0.11870262018186875), np.float64(0.24244996264016724), np.float64(0.21785228181229613), np.float64(0.16105882243338301)
np.float64(0.014326586527642723), np.float64(0.014326667736357435), np.float64(0.17199009623846306), np.float64(0.0703807914246126), np.float64(0.11356214930333126), np.float64(0.24249321844742236), np.float64(0.20782969632795054), np.float64(0.16509079399421997)
np.float64(0.014320432711467894), np.float64(0.014320513855800694), np.float64(0.16022307327438015), np.float64(0.06619330226198789), np.float64(0.10615356051433973), np.float64(0.2583437596213204), np.float64(0.20474732431265047), np.float64(0.17569803344805293)
np.float64(0.014321190808700245), np.float64(0.014321272087184013), np.float64(0.16214273825955564), np.float64(0.09448173002578492), np.float64(0.10061133245103908), np.float64(0.2549114119065265), np.float64(0.1932528775424653), np.float64(0.1659574469187443)
np.float64(0.014314385769369374), np.float64(0.014314466962601479), np.float64(0.1601777198084998), np.float64(0.08753879795992882), np.float64(0.09313799568115311), np.float64(0.2776192254245519), np.float64(0.18908781071612854), np.float64(0.16380959767776695)
np.float64(0.014311634569667699), np.float64(0.014311715800697244), np.float64(0.15871782779276375), np.float64(0.09209786625581068), np.float64(0.09678032606806448), np.float64(0.2658141211958148), np.float64(0.19604728418413192), np.float64(0.16191922413304935)
np.float64(0.01431153434997659), np.float64(0.014311615663502659), np.float64(0.16063496948316258), np.float64(0.10894946464115628), np.float64(0.10254411538497635), np.float64(0.25048948639306007), np.float64(0.18497409644411422), np.float64(0.16378471764005129)
np.float64(0.014306323033561854), np.float64(0.01430640426884554), np.float64(0.14970543303506845), np.float64(0.10187871373446815), np.float64(0.09595158638101797), np.float64(0.2555645440061834), np.float64(0.21566469322054438), np.float64(0.15262230232031035)
np.float64(0.014303166239381557), np.float64(0.014303247443659836), np.float64(0.14127304265744456), np.float64(0.09642377091834876), np.float64(0.1012566760687596), np.float64(0.2515483272423216), np.float64(0.2368815474323789), np.float64(0.14401022199770527)
np.float64(0.014300261524896954), np.float64(0.014300342715488894), np.float64(0.15359785399126064), np.float64(0.09034399792486178), np.float64(0.10562997089996622), np.float64(0.25629412493661663), np.float64(0.23112328834939067), np.float64(0.13441015965751824)
np.float64(0.014297706531646701), np.float64(0.014297787676042482), np.float64(0.14827585508346774), np.float64(0.08743751923996963), np.float64(0.10213975962960796), np.float64(0.24705040423378924), np.float64(0.25667890853826686), np.float64(0.1298220590672095)
np.float64(0.0142973300839318), np.float64(0.014297411266115589), np.float64(0.1416516163383396), np.float64(0.09439990466339768), np.float64(0.09779685380335335), np.float64(0.24655531709357742), np.float64(0.24469598018260366), np.float64(0.14630558656868092)
np.float64(0.014296129155136623), np.float64(0.014296210356520272), np.float64(0.16638979075706145), np.float64(0.10009063457486374), np.float64(0.09264482096542488), np.float64(0.23222417884858026), np.float64(0.24189749982202638), np.float64(0.1381607355203865)
np.float64(0.014294180058059082), np.float64(0.01429426123893335), np.float64(0.15876730211524626), np.float64(0.0957900233120288), np.float64(0.08871728108821536), np.float64(0.24342966396845014), np.float64(0.23049251770262957), np.float64(0.15421477051643745)
np.float64(0.014294000134819943), np.float64(0.014294081362777687), np.float64(0.1607401079532725), np.float64(0.09078833845720341), np.float64(0.10529391198499374), np.float64(0.24050664261255883), np.float64(0.2172244455195502), np.float64(0.15685847197482367)
np.float64(0.014292828179999975), np.float64(0.014292909408677033), np.float64(0.1755797416212021), np.float64(0.08697605039581659), np.float64(0.1116197549060664), np.float64(0.2403718583366544), np.float64(0.2071123289325905), np.float64(0.14975452821899307)
np.float64(0.014292715248608851), np.float64(0.014292796511660976), np.float64(0.17877125523649437), np.float64(0.09420842450451292), np.float64(0.11745649191433387), np.float64(0.2403367952781221), np.float64(0.19758195625404712), np.float64(0.14305956505221976)
np.float64(0.014290511803125246), np.float64(0.014290593037024513), np.float64(0.17969611682448772), np.float64(0.08923443887967177), np.float64(0.12157396910591661), np.float64(0.2374007598539134), np.float64(0.20846592587995702), np.float64(0.1350476846159036)
np.float64(0.014289699223607205), np.float64(0.014289780472435308), np.float64(0.16948419453026026), np.float64(0.0953194057747233), np.float64(0.11495052304128422), np.float64(0.24563261889464238), np.float64(0.1964790652427747), np.float64(0.14955471282027277)
np.float64(0.014289166143842397), np.float64(0.014289247422042713), np.float64(0.15808521748912996), np.float64(0.11059979448272267), np.float64(0.11795541124197746), np.float64(0.23950695448853834), np.float64(0.20565248660983781), np.float64(0.13962172212190865)
np.float64(0.014286083543311462), np.float64(0.014286164761392394), np.float64(0.1473708426517469), np.float64(0.11430158620382154), np.float64(0.1102306695535126), np.float64(0.2667673850051968), np.float64(0.20247231095355414), np.float64(0.13028495732746412)
np.float64(0.0142851885103411), np.float64(0.01428526971893032), np.float64(0.16441100404008385), np.float64(0.11052755497968995), np.float64(0.10661024971750113), np.float64(0.25724035262931444), np.float64(0.20673215810198134), np.float64(0.12590822230215792)
np.float64(0.014285244787200542), np.float64(0.014285326030518571), np.float64(0.16616972379915726), np.float64(0.12659190564603653), np.float64(0.11141225446558563), np.float64(0.2533150323799923), np.float64(0.19489642826032946), np.float64(0.11904408463117958)
np.float64(0.01428448728344378), np.float64(0.014284568519895995), np.float64(0.17172175624743413), np.float64(0.12235823242734417), np.float64(0.1077507689008141), np.float64(0.25546014046874227), np.float64(0.18808845996071122), np.float64(0.12605158619161416)
np.float64(0.01428376748421723), np.float64(0.014283848726006692), np.float64(0.16198529097782235), np.float64(0.12663343651848497), np.float64(0.10197058480177436), np.float64(0.2514237063291575), np.float64(0.18866296713780856), np.float64(0.14075639802472845)
np.float64(0.014282698798940053), np.float64(0.014282780032437993), np.float64(0.17496092278640576), np.float64(0.130255464390939), np.float64(0.0965349272761411), np.float64(0.24786868129136197), np.float64(0.17785362289468679), np.float64(0.14396090252908733)
np.float64(0.014281456628741706), np.float64(0.01428153784635941), np.float64(0.16498290258540899), np.float64(0.13391935736598135), np.float64(0.09142689168614214), np.float64(0.24436774956174295), np.float64(0.18977480952326897), np.float64(0.14696529480235457)
